7.040552496910095215e-01
6.875119209289550781e-01
6.764877438545227051e-01
6.541780829429626465e-01
6.557847261428833008e-01
6.581838130950927734e-01
6.538578867912292480e-01
6.324725747108459473e-01
6.482651829719543457e-01
6.363567709922790527e-01
6.263245344161987305e-01
6.245808005332946777e-01
6.407141685485839844e-01
6.287962198257446289e-01
6.291841268539428711e-01
6.240299344062805176e-01
6.104244589805603027e-01
6.209044456481933594e-01
6.125477552413940430e-01
5.934268236160278320e-01
6.092545986175537109e-01
6.167606115341186523e-01
5.958291888236999512e-01
6.133468747138977051e-01
5.794095396995544434e-01
6.109849810600280762e-01
5.944235920906066895e-01
5.985309481620788574e-01
5.948458909988403320e-01
5.931214690208435059e-01
5.983646512031555176e-01
5.995045304298400879e-01
5.800516605377197266e-01
6.089614629745483398e-01
5.958641171455383301e-01
5.973044037818908691e-01
5.937358736991882324e-01
6.052966713905334473e-01
5.963696837425231934e-01
6.054777503013610840e-01
5.933558940887451172e-01
6.257168054580688477e-01
5.951139330863952637e-01
6.213196516036987305e-01
6.214071512222290039e-01
6.207419037818908691e-01
6.287114024162292480e-01
6.173560023307800293e-01
6.189644336700439453e-01
6.203975081443786621e-01
6.368957757949829102e-01
6.266340613365173340e-01
7.009578347206115723e-01
7.943366765975952148e-01
9.363476037979125977e-01
1.119753837585449219e+00
1.247956633567810059e+00
1.263829827308654785e+00
1.265893578529357910e+00
1.272335648536682129e+00
1.301929593086242676e+00
1.333606719970703125e+00
1.329514622688293457e+00
1.348357915878295898e+00
1.357071518898010254e+00
1.379409551620483398e+00
1.390196800231933594e+00
1.399868130683898926e+00
1.432940363883972168e+00
1.435850024223327637e+00
1.467446446418762207e+00
1.501646637916564941e+00
1.513034343719482422e+00
1.540028452873229980e+00
1.558923363685607910e+00
1.602872252464294434e+00
1.629810452461242676e+00
1.647371530532836914e+00
1.683791637420654297e+00
1.709999203681945801e+00
1.753138184547424316e+00
1.805085182189941406e+00
1.814718246459960938e+00
1.889994263648986816e+00
1.923090100288391113e+00
1.968609452247619629e+00
2.000561475753784180e+00
2.064536809921264648e+00
2.155222415924072266e+00
2.185178756713867188e+00
2.266200780868530273e+00
2.328800439834594727e+00
2.409816741943359375e+00
2.484852552413940430e+00
2.491705417633056641e+00
2.499304771423339844e+00
2.518456697463989258e+00
2.528656721115112305e+00
2.540477514266967773e+00
2.540346622467041016e+00
2.531877279281616211e+00
2.546838998794555664e+00
2.593254804611206055e+00
2.773619890213012695e+00
2.932311296463012695e+00
3.117874145507812500e+00
3.174010515213012695e+00
3.179423332214355469e+00
3.199030637741088867e+00
3.220741987228393555e+00
3.237461566925048828e+00
3.261280536651611328e+00
3.286658048629760742e+00
1.726777315139770508e+00
1.692409157752990723e+00
1.675282239913940430e+00
1.650114774703979492e+00
1.644484996795654297e+00
1.657003998756408691e+00
1.662652492523193359e+00
1.678714394569396973e+00
1.700288891792297363e+00
inf
inf
inf
inf
inf
inf
inf
inf
inf
inf
inf
inf
inf
inf
inf
2.425230503082275391e+00
2.364550828933715820e+00
2.357450246810913086e+00
8.941599130630493164e-01
8.607611060142517090e-01
8.631227016448974609e-01
8.506050109863281250e-01
8.294776678085327148e-01
8.417303562164306641e-01
8.236944079399108887e-01
8.136832714080810547e-01
8.181664347648620605e-01
8.083409070968627930e-01
8.083619475364685059e-01
8.252187967300415039e-01
8.198195099830627441e-01
8.398401737213134766e-01
8.427144885063171387e-01
8.512424230575561523e-01
8.882361054420471191e-01
9.116752147674560547e-01
inf
inf
inf
1.926313519477844238e+00
1.898326635360717773e+00
1.850140213966369629e+00
1.850910663604736328e+00
1.853131532669067383e+00
1.838774919509887695e+00
1.855430722236633301e+00
1.875718116760253906e+00
1.913928270339965820e+00
2.921688079833984375e+00
2.914255857467651367e+00
2.941572904586791992e+00
3.052411794662475586e+00
inf
inf
inf
inf
inf
inf
inf
inf
inf
inf
inf
inf
inf
inf
3.088389396667480469e+00
2.962119579315185547e+00
2.955626010894775391e+00
2.935508251190185547e+00
2.967565774917602539e+00
1.940704226493835449e+00
1.899357318878173828e+00
1.880375385284423828e+00
1.859910368919372559e+00
1.856130242347717285e+00
1.890566825866699219e+00
1.870153069496154785e+00
1.916847825050354004e+00
1.982964158058166504e+00
inf
inf
inf
inf
inf
inf
9.457004666328430176e-01
9.121657609939575195e-01
9.018731713294982910e-01
8.886820673942565918e-01
8.842295408248901367e-01
8.889660835266113281e-01
8.584712147712707520e-01
8.862584233283996582e-01
8.887536525726318359e-01
8.696202039718627930e-01
8.827422261238098145e-01
8.921726346015930176e-01
8.833401799201965332e-01
8.827210664749145508e-01
9.035615324974060059e-01
9.352209568023681641e-01
2.900998353958129883e+00
2.852165937423706055e+00
2.818426370620727539e+00
2.746795177459716797e+00
2.745163440704345703e+00
2.692818641662597656e+00
2.636039733886718750e+00
2.607399463653564453e+00
2.588941097259521484e+00
2.541028976440429688e+00
2.488476753234863281e+00
2.480858802795410156e+00
2.449035644531250000e+00
2.417709350585937500e+00
2.391310691833496094e+00
2.370947360992431641e+00
2.324684858322143555e+00
2.318256378173828125e+00
2.310461044311523438e+00
2.261203050613403320e+00
2.265222072601318359e+00
2.235946893692016602e+00
2.240206241607666016e+00
2.206489324569702148e+00
1.967226505279541016e+00
1.742787241935729980e+00
1.586325049400329590e+00
1.580062031745910645e+00
1.582559823989868164e+00
1.567847132682800293e+00
1.559164881706237793e+00
1.566176891326904297e+00
1.556569099426269531e+00
1.524956464767456055e+00
1.526103973388671875e+00
1.523360729217529297e+00
1.526410460472106934e+00
1.528890490531921387e+00
1.518063545227050781e+00
1.510629773139953613e+00
1.502385854721069336e+00
1.442587494850158691e+00
1.401228070259094238e+00
1.341344237327575684e+00
1.280524730682373047e+00
1.259616255760192871e+00
1.220685362815856934e+00
1.182455062866210938e+00
1.163115262985229492e+00
1.134209752082824707e+00
1.099659800529479980e+00
1.064389586448669434e+00
1.025090098381042480e+00
1.028226137161254883e+00
9.960137009620666504e-01
9.818785786628723145e-01
9.401718378067016602e-01
9.160975217819213867e-01
9.231312274932861328e-01
8.973553776741027832e-01
8.914984464645385742e-01
8.786392211914062500e-01
8.551353812217712402e-01
8.614078164100646973e-01
8.041476011276245117e-01
8.133160471916198730e-01
8.099498152732849121e-01
8.137090802192687988e-01
7.761743068695068359e-01
7.813068628311157227e-01
7.736257910728454590e-01
7.539466619491577148e-01
7.364245057106018066e-01
7.484468221664428711e-01
7.221320271492004395e-01
7.332128286361694336e-01
6.978442072868347168e-01
7.047045230865478516e-01
7.079241275787353516e-01
6.844205856323242188e-01
6.995306015014648438e-01
6.907501220703125000e-01
6.773355007171630859e-01
6.667787432670593262e-01
6.579908132553100586e-01
6.597064137458801270e-01
6.533010601997375488e-01
6.581701040267944336e-01
6.595416665077209473e-01
6.467633247375488281e-01
6.356537938117980957e-01
6.358338594436645508e-01
6.403586864471435547e-01
6.253982186317443848e-01
6.507681608200073242e-01
6.212176680564880371e-01
6.286826133728027344e-01
6.228516101837158203e-01
6.240028738975524902e-01
6.345005631446838379e-01
6.113757491111755371e-01
6.205106377601623535e-01
6.296239495277404785e-01
6.225640773773193359e-01
6.120724678039550781e-01
6.267619132995605469e-01
6.320136785507202148e-01
6.299692392349243164e-01
6.310099959373474121e-01
6.370367407798767090e-01
6.118571162223815918e-01
6.193670034408569336e-01
6.214320659637451172e-01
6.175241470336914062e-01
6.189976930618286133e-01
6.522742509841918945e-01
6.365348696708679199e-01
6.257509589195251465e-01
6.471142768859863281e-01
6.385089755058288574e-01
6.546280384063720703e-01
6.625066399574279785e-01
6.569892764091491699e-01
6.700291037559509277e-01
6.541136503219604492e-01
6.566503047943115234e-01
6.568237543106079102e-01
6.630589365959167480e-01
6.753579974174499512e-01
6.802522540092468262e-01
6.813313364982604980e-01
7.012413740158081055e-01
6.886714696884155273e-01
6.986211538314819336e-01
6.964101195335388184e-01
6.896650195121765137e-01
